18
0 -10 0 -10
1 -10 0 0
2 -10 0 10
3 -5 -5 -5
4 -5 -5 5
5 -5 5 -5
6 -5 5 5
7 0 -10 0
8 0 0 -10
9 0 0 10
10 0 10 0
11 5 -5 -5
12 5 -5 5
13 5 5 -5
14 5 5 5
15 10 0 -10
16 10 0 0
17 10 0 10
48
1 0
1 2
1 3
1 4
1 5
1 6
3 0
3 7
3 8
3 11
4 2
4 3
4 7
4 9
4 12
5 0
5 8
5 10
5 13
6 2
6 5
6 9
6 10
6 14
8 0
8 15
9 2
9 17
11 7
11 8
11 12
11 15
11 16
12 7
12 9
12 17
13 8
13 10
13 14
13 15
13 16
14 9
14 10
14 17
16 12
16 14
16 15
16 17
32
1 3 0
1 3 4
1 4 2
1 5 0
1 5 6
1 6 2
3 8 0
3 8 11
3 11 7
4 3 7
4 9 2
4 9 12
4 12 7
5 8 0
5 8 13
5 13 10
6 5 10
6 9 2
6 9 14
6 14 10
11 8 15
11 12 7
11 12 16
11 16 15
12 9 17
13 8 15
13 14 10
13 14 16
13 16 15
14 9 17
16 12 17
16 14 17
